1.499234139919281006e-02
6.327927112579345703e-04
-4.770293831825256348e-03
-3.066614270210266113e-03
-2.774551510810852051e-03
-1.937322318553924561e-02
-1.557648181915283203e-03
5.354404449462890625e-03
1.173102855682373047e-02
4.264055192470550537e-02
6.761154532432556152e-02
9.224182367324829102e-02
1.409669518470764160e-01
1.784477829933166504e-01
5.463442206382751465e-01
4.595540761947632946e-01
6.393160820007324219e-01
8.984208106994628906e-01
1.163999557495117188e+00
1.476891517639160156e+00
1.880661964416503906e+00
2.165467739105223721e+00
2.212879180908203125e+00
2.237411499023437500e+00
2.216188430786134589e+00
2.240089416503906250e+00
2.379499435424804688e+00
2.359638214111328125e+00
2.099023818969726562e+00
3.115291595458984375e+00
1.378078460693359375e+00
1.343811035156250000e+00
1.200750350952148438e+00
9.584846496582031250e-01
7.321929931640625000e-01
7.076568603515625000e-01
8.908767700195312500e-01
9.457817077636718750e-01
8.165473937988281250e-01
6.331825256347656250e-01
4.946517944335937500e-01
3.386421203613281250e-01
3.097763061523437500e-01
3.157157897949218750e-01
4.143333435058593750e-01
-1.325454711914062500e-01
-2.296066284179687500e-01
-2.565383911132812500e-02
1.875495910644531250e-01
3.080253601074218750e-01
3.499336242675781250e-01
3.999252319335937500e-01
4.578514099121093750e-01
5.606079101562500000e-01
6.748008728027343750e-01
7.243041992187500000e-01
5.739936828613281250e-01
3.488616943359375000e-01
3.067131042480468750e-01
7.982444763183593750e-01
3.522682189941406250e-01
3.447761535644531250e-01
3.966178894042968750e-01
4.667549133300781250e-01
5.426483154296875000e-01
6.368789672851562500e-01
5.816841125488281250e-01
4.324417114257812500e-01
1.699295043945312500e-01
5.550384521484375000e-03
-6.084442138671875000e-03
-6.026077270507812500e-02
-2.616844177246093750e-01
-4.496269226074218750e-01
-5.123672485351562500e-01
2.170982360839843750e-01
3.054428100585937500e-01
2.004013061523437500e-01
1.137580871582031250e-01
1.678848266601562500e-01
4.531288146972656250e-01
6.840019226074218750e-01
5.484848022460937500e-01
2.275123596191406250e-01
3.042221069335937500e-02
4.634094238281250000e-02
2.889442443847656250e-01
3.413200378417968750e-01
2.106208801269531250e-01
1.722183227539062500e-01
-3.417205810546875000e-02
-8.937072753906250000e-02
-7.033538818359375000e-02
-5.047988891601562500e-02
4.283523559570312500e-02
1.261215209960937500e-01
1.961174011230468750e-01
2.749252319335937500e-01
2.163162231445312500e-01
1.354675292968750000e-01
1.117630004882812500e-01
1.065025329589843750e-01
5.879974365234375000e-02
3.242111206054687500e-02
-2.935409545898437500e-02
-7.739257812500000000e-02
-1.520195007324218750e-01
-9.963989257812500000e-02
1.309890747070312500e-01
2.972183227539062500e-01
3.026695251464843750e-01
2.777481079101562500e-01
2.505378723144531250e-01
2.102317810058593750e-01
1.194534301757812500e-01
-4.619598388671875000e-02
-3.253021240234375000e-01
-4.696311950683593750e-01
-4.004592895507812500e-01
-7.873420715332031250e-01
-3.990974426269531250e-01
5.057525634765625000e-02
7.057952880859375000e-02
-2.492141723632812500e-02
-1.462249755859375000e-01
-1.428184509277343750e-01
-1.148757934570312500e-01
-1.562995910644531250e-01
-2.307739257812500000e-01
-1.816596984863281250e-01
-8.503723144531250000e-02
3.387832641601562500e-02
1.551322937011718750e-01
2.445487976074218750e-01
7.323837280273437500e-01
5.085716247558593750e-01
5.106658935546875000e-01
4.651031494140625000e-01
2.860717773437500000e-01
5.773162841796875000e-02
-1.923713684082031250e-01
-2.674751281738281250e-01
-2.078971862792968750e-01
-2.248382568359375000e-01
-1.605339050292968750e-01
-3.514480590820312500e-02
3.162384033203125000e-03
2.599334716796875000e-02
4.955291748046875000e-02
-1.372528076171875000e-02
-6.902313232421875000e-02
-8.172988891601562500e-02
-1.600952148437500000e-01
-2.262496948242187500e-01
-1.906623840332031250e-01
-7.612991333007812500e-02
1.031875610351562500e-02
2.847671508789062500e-02
1.396980285644531250e-01
3.399085998535156250e-01
4.378433227539062500e-01
2.779426574707031250e-01
6.517791748046875000e-02
-1.532821655273437500e-01
-6.827354431152343750e-01
-4.017753601074218750e-01
-3.824996948242187500e-01
-3.429222106933593750e-01
-2.404136657714843750e-01
-8.333587646484375000e-02
-4.054641723632812500e-02
-9.462738037109375000e-02
-1.118087768554687500e-01
-1.082572937011718750e-01
-1.663742065429687500e-01
-1.719741821289062500e-01
-1.478805541992187500e-01
-5.558776855468750000e-02
-9.608840942382812500e-02
8.688735961914062500e-02
3.819160461425781250e-01
3.849830627441406250e-01
3.305130004882812500e-01
3.656082153320312500e-01
3.990974426269531250e-01
2.364196777343750000e-01
1.016387939453125000e-01
1.214485168457031250e-01
1.767425537109375000e-01
2.577400207519531250e-01
2.539939880371093750e-01
1.122474670410156250e-01
-1.767425537109375000e-01
-3.651695251464843750e-01
-3.114318847656250000e-01
8.907318115234375000e-03
-6.323242187500000000e-02
-5.101013183593750000e-02
1.336135864257812500e-01
3.136253356933593750e-01
3.459434509277343750e-01
1.975288391113281250e-01
-3.008270263671875000e-02
-1.744079589843750000e-01
-1.712455749511718750e-01
-1.425247192382812500e-01
-7.793045043945312500e-02
-6.137847900390625000e-02
-1.249542236328125000e-01
-1.195983886718750000e-01
2.029342651367187500e-01
4.277687072753906250e-01
4.485015869140625000e-01
2.640724182128906250e-01
-1.341552734375000000e-01
-4.439773559570312500e-01
-4.970817565917968750e-01
-4.826278686523437500e-01
-5.757446289062500000e-01
-6.641883850097656250e-01
-4.198837280273437500e-01
-1.427192687988281250e-01
-1.141967773437500000e-01
-2.482986450195312500e-01
-7.793579101562500000e-01
-4.146728515625000000e-01
-1.176986694335937500e-01
1.937789916992187500e-01
4.176445007324218750e-01
6.421890258789062500e-01
8.239440917968750000e-01
8.856697082519531250e-01
8.050079345703125000e-01
5.332527160644531250e-01
1.273384094238281250e-01
-3.137702941894531250e-01
-7.210426330566406250e-01
-8.564147949218750000e-01
-6.996269226074218750e-01
1.803970336914062500e-01
1.167755126953125000e-01
-2.178764343261718750e-01
-6.546516418457031250e-01
-1.562171936035156250e+00
-2.712638854980468750e+00
-3.574359893798828125e+00
-3.800167083740234375e+00
-3.704860687255859375e+00
-3.716152191162109375e+00
-3.651121139526367188e+00
-3.338327407836914062e+00
-2.781078338623046875e+00
-2.099853515625000000e+00
-1.673007965087890625e+00
-3.080974578857423651e+00
-1.443985939025878906e+00
-1.380171775817871094e+00
-1.286761283874511719e+00
-1.139563560485839844e+00
-1.053406715393065518e+00
-9.464149475097656250e-01
-7.729816436767578125e-01
-6.801071166992187500e-01
-5.709743499755859375e-01
-4.693870544433593750e-01
-4.162807464599609375e-01
-3.771448135375976562e-01
-2.930319309234619141e-01
-2.680125236511230469e-01
-5.515038967132568359e-01
-2.434794902801513672e-01
-2.578876018524169922e-01
-2.642643451690673828e-01
-2.424572706222534180e-01
-2.149064540863037109e-01
-1.933914422988892712e-01
-1.745049953460693359e-01
-1.331787109375000000e-01
-9.311807155609130859e-02
-7.247912883758544922e-02
-6.240320205688476562e-02
-6.386345624923706055e-02
-4.054743051528930664e-02
-3.490102291107177734e-02
-3.650730848312377930e-02
-5.743801593780517578e-03
-7.788240909576416016e-03
1.119554042816162109e-03
1.265585422515869141e-02
8.567035198211669922e-03
9.053826332092285156e-03
1.377546787261962891e-02
2.414345741271972656e-02
1.431089639663696289e-02
1.411616802215576172e-03
9.589254856109619141e-03
1.450556516647338867e-02
1.752376556396484375e-03
-1.581984758377075195e-02
-1.387280225753784180e-02
-9.686589241027832031e-03
-1.990866661071777344e-02
-8.859097957611083984e-03
-1.508969068527221680e-02
-8.421003818511962891e-03
-1.411616802215576172e-02
-9.637951850891113281e-03
2.287805080413818359e-03
4.916310310363769531e-03
1.289921998977661133e-02
2.808630466461181641e-02
-3.455996513366699219e-03
6.571292877197265625e-03
2.273190021514892578e-02
3.645867109298706055e-02
1.333731412887573242e-02
1.606345176696777344e-03
6.571292877197265625e-03
1.801013946533203125e-03
6.960749626159667969e-03
5.544245243072509766e-02
1.377540826797485352e-02
1.377546787261962891e-02
1.051408052444458008e-02
1.723146438598632812e-02
1.465159654617309570e-02
1.645261049270629883e-02
2.725875377655029297e-02
2.068746089935302734e-02
4.463636875152587891e-02
1.801025867462158203e-02
1.581990718841552734e-02
-1.114702224731445312e-02
-2.326726913452148438e-02
-2.954661846160888672e-02
-3.120160102844238281e-02
-3.665328025817871094e-02
-4.322469234466552734e-02
-5.553978681564331055e-02
-5.860644578933715820e-02
-4.215377569198608398e-02
-5.612391233444213867e-02
-2.983862161636352539e-02
-1.869177818298339844e-02
-8.177638053894042969e-03
8.323669433593750000e-03
8.713066577911376953e-03
-6.425261497497558594e-03
-9.881317615509033203e-03
2.871930599212646484e-03
2.044379711151123047e-03
6.814599037170410156e-04
-3.163933753967285156e-03
-5.889892578125000000e-03
7.009446620941162109e-03
2.871870994567871094e-03
-2.604186534881591797e-02
-4.721641540527343750e-03
-3.942787647247314453e-03
-5.466359853744506836e-02
-2.531170845031738281e-03
-4.721641540527343750e-03
2.239108085632324219e-03
7.301449775695800781e-03
-3.553330898284912109e-03
1.202303171157836914e-02
7.058084011077880859e-03
1.177972555160522461e-02
1.635527610778808594e-02
3.217512369155883789e-02
1.499235630035400391e-02
-1.236385107040405273e-02
-4.137456417083740234e-03
-6.376624107360839844e-03
-4.298126697540283203e-02
-1.484632492065429688e-02
-1.723146438598632812e-02
-6.522655487060546875e-03
-1.328867673873901367e-02
-1.177966594696044922e-02
3.504693508148193359e-03
5.451738834381103516e-03
-3.650724887847900391e-03
3.310024738311767578e-03
4.429519176483154297e-03
-1.051408052444458008e-02
5.743801593780517578e-03
-9.832620620727539062e-03
-1.314282417297363281e-03
-8.372306823730468750e-03
1.557588577270507812e-03
-1.801013946533203125e-03
-6.035864353179931641e-03
-8.713066577911376953e-03
-2.628564834594726562e-03
-1.946687698364257812e-04
7.739543914794921875e-03
1.280188560485839844e-02
-6.522655487060546875e-03
1.528441905975341797e-02
8.177638053894042969e-03
-2.920567989349365234e-03
-7.690906524658203125e-03
-6.279230117797851562e-03
-3.567981719970703125e-02
7.836878299713134766e-03
2.044409513473510742e-02
-2.141761779785156250e-02
-2.170965075492858887e-02
2.093076705932617188e-03
9.491890668869018555e-03
-2.920567989349365234e-03
3.553360700607299805e-03
1.294794678688049316e-02
1.810759305953979492e-02
6.473958492279052734e-03
7.398843765258789062e-03
1.075750589370727539e-02
5.792498588562011719e-03
3.178566694259643555e-02
1.221781969070434570e-02
9.540557861328125000e-03
-7.787942886352539062e-04
1.304525136947631836e-02
7.885575294494628906e-03
-9.102463722229003906e-03
-2.385139465332031250e-03
-1.557648181915283203e-03
-5.695164203643798828e-03
-9.199857711791992188e-03
1.732885837554931641e-02
-1.655042171478271484e-03
-7.009387016296386719e-03
8.761763572692871094e-03
-2.623659372329711914e-02
6.571292877197265625e-03
-1.192569732666015625e-02
-2.750217914581298828e-02
6.376564502716064453e-03
-4.088819026947021484e-03
-2.414345741271972656e-02
7.787942886352539062e-04
-4.721581935882568359e-03
8.761286735534667969e-04
1.328867673873901367e-02
2.721011638641357422e-02
2.355939149856567383e-02
1.655000448226928711e-02
3.431689739227294922e-02
7.155430316925048828e-02
1.100093126296997070e-02
2.891379594802856445e-02
3.830832242965698242e-02
6.084561347961425781e-03
-1.022207736968994141e-02
-2.093076705932617188e-03
-8.226335048675537109e-03
6.327986717224121094e-03
-4.380881786346435547e-03
1.070857048034667969e-03
-1.187705993652343750e-02
-6.814599037170410156e-04
-6.279230117797851562e-03
1.119554042816162109e-02
